 -2.40259848e-01 -2.11143284e+00
 1.57548618e+00 1.77065999e+00
 -1.27124738e+00 4.01858167e-01
 6.00056651e-01 -1.86264036e+00
 -4.26696229e-01 1.22353970e+00
 2.87367286e-01 3.61442067e-01
 -2.17110052e+00 -5.02961116e-01
 2.29608421e+00 -3.10230975e-01
 3.59987002e-01 3.26836843e-01
 5.65120102e-01 2.27784641e-01
 1.51426420e-02 -1.73280440e+00
 -2.82004903e-01 -1.32385050e+00
 -1.13201287e-01 6.47212748e-01
 7.15938924e-01 -4.19202693e-01
 7.69530223e-01 4.67002742e-01
 -7.91743874e-01 -1.13927300e+00
 3.52486934e-01 8.23556092e-01
 -7.66367994e-01 -1.28141778e+00
 -9.17065153e-02 7.43794118e-01
 1.02815630e+00 -8.90985589e-01
 -3.18645113e-01 -4.68767678e-01
 -2.18679838e-01 -5.19732706e-01
 -5.27182362e-01 -9.43255444e-01
 9.22319810e-01 -1.02927972e+00
 -1.17328349e+00 5.41542292e-01
 7.63868398e-01 -9.18807565e-01
 1.35125999e+00 -2.72838015e-01
 -2.65357906e+00 -3.87691171e-01
 2.58927590e+00 1.20483737e+00
 1.53904524e-01 -8.42608050e-01
 1.35543428e+00 -6.45250998e-01
 -1.08300374e+00 1.50178733e+00
 1.38195666e+00 -2.31263079e+00
 8.02595699e-01 2.85295043e-01
 1.13503103e+00 -3.30401930e-01
 4.95683790e-01 1.43120833e+00
 -7.11690334e-01 4.09417609e-01
 5.04050947e-01 1.26819321e+00
 -1.00836564e+00 2.32421451e-01
 3.78161700e-01 3.79479657e-01
 -1.32995978e-01 2.93265949e-01
 -1.85052572e-01 1.03823424e+00
 -1.19194312e-01 1.08905876e+00
 2.14801071e+00 4.24977266e-01
 -1.49121618e-01 1.49203962e+00
 9.65561037e-01 6.24696615e-01
 -1.75424053e+00 9.49140864e-01
 -4.49381857e-01 2.46035593e-01
 1.49708035e-03 7.12564597e-01
 -8.11960885e-01 -7.84673625e-02
 2.17842092e+00 8.56844108e-01
 -8.26687114e-01 -9.88594378e-01
 -3.01753159e-01 1.22237362e+00
 -3.63519416e-01 1.56809163e+00
 -9.32257743e-01 -1.47377650e+00
 6.28228429e-01 5.18701508e-02
 -1.53327154e+00 9.54871914e-01
 -1.17637595e+00 -7.08266260e-01
 4.15548304e-01 3.27990548e-01
 5.42621500e-01 1.39082438e+00
 -1.67781336e+00 2.36785677e-01
 4.94666146e-01 -8.58510487e-03
 1.43549028e+00 3.58459127e-01
 -1.90730754e+00 1.05567600e+00
 1.74260284e+00 2.32066301e-01
 -1.64086797e+00 -3.79936673e-01
 1.15737318e+00 -2.41232444e-01
 -8.60203766e-01 9.24007033e-01
 1.91703650e+00 -1.88056194e-01
 -5.76484974e-01 -3.38341252e-02
 3.85888332e-01 -7.44911666e-01
 -2.99411208e-01 1.80064822e-01
 -1.28706158e+00 -1.56493444e+00
 -1.71921919e-01 1.74173363e-01
 9.03527583e-01 6.71971540e-02
 -3.71730798e-01 6.24597881e-02
 9.19446889e-01 -1.00160196e+00
 -9.31868521e-01 -1.95129404e-01
 1.76280837e+00 -7.61767715e-01
 -4.11747593e-01 -6.16639689e-01
 1.07881606e+00 5.16608369e-01
 9.47236308e-01 -7.09122761e-01
 3.40849346e-01 5.70369035e-01
 8.22219070e-01 8.01946235e-01
 1.25648682e+00 7.42390808e-01
 -5.12371037e-01 -1.12852109e+00
 -1.21904123e+00 9.69796260e-01
 2.88236553e-01 3.49351080e-01
 -9.58273730e-01 1.60509196e+00
 -7.23837685e-01 -9.83166528e-01
 1.95394566e-01 -1.53662488e+00
 -7.47012903e-01 -2.87651894e-01
 7.75054302e-01 1.14653073e+00
 9.83761377e-01 5.46079656e-01
 4.41565750e-02 -2.71651819e-02
 7.19349475e-01 1.98056841e-01
 -2.73708539e-01 -5.80876122e-01
 -9.89569361e-01 5.43546512e-01
 -1.86404345e+00 -9.49128060e-01
 -6.86389768e-01 3.58788346e-01
 5.08629632e-01 1.72671335e-01
 4.77364256e-01 8.76527448e-01
 -1.57486511e-01 -6.72235644e-01
 1.13781542e+00 6.16416135e-01
 1.17549758e+00 -1.14272000e+00
 4.63367953e-01 6.10715566e-01
 -3.04046339e-01 -6.20455922e-01
 5.32593308e-01 -7.01040074e-01
 1.74334879e+00 1.52548848e+00
 -6.16576624e-01 1.85870257e+00
 -4.89023058e-02 -1.07887551e+00
 -6.37912974e-01 4.79963772e-02
 -4.53448463e-01 -8.62452203e-02
 -1.63419359e+00 -1.03827396e+00
 1.24127608e+00 6.63139383e-01
 -7.51659357e-01 8.08545182e-01
 -7.14150799e-01 -8.62784995e-01
 5.17041928e-01 2.02522051e+00
 -4.71684077e-01 9.24290100e-01
 2.50103405e-01 -1.72432352e+00
 1.10321502e+00 2.15532289e+00
 8.51449913e-01 4.26772821e-01
 5.00668061e-01 2.03555885e-01
 1.03281152e-01 1.13041815e+00
 -1.67745461e-01 1.70876483e+00
 -1.05811022e+00 2.59830240e-01
 3.20366430e-03 1.83175499e-01
 2.13246832e+00 -5.18048673e-01
 -1.56249545e+00 1.96899335e-01
 -2.89108670e-01 2.08293935e+00
 9.52080663e-02 1.00790127e-02
 1.38427408e+00 -1.20772731e+00
 6.85095850e-01 1.23390295e+00
 -9.31794947e-01 -8.48942387e-01
 1.09017602e+00 -1.44478080e-01
 1.63036793e+00 -8.08551643e-02
 4.39508681e-01 5.31121914e-01
 1.79129005e+00 2.01325885e-01
 1.70353195e+00 9.21656433e-01
 -1.09871071e+00 1.62513863e+00
 1.69658537e+00 -1.00434100e+00
 4.98488809e-02 9.30347045e-01
 -1.01259409e+00 2.40940758e+00
 4.17470720e-01 -1.47497271e+00
 -2.27563115e-01 -9.67223514e-01
 4.30245608e-01 6.71987258e-01
 9.54268520e-02 7.74755582e-01
 5.70061062e-01 -8.04847970e-01
 1.88579756e-02 2.16345705e-02
 9.50213349e-01 1.48946848e-01
 -2.00796310e+00 1.18698116e+00
 1.27497053e+00 -1.60796992e+00
 -4.14509937e-01 1.22474141e+00
 7.01202698e-01 2.44541345e-01
 1.43825612e-01 5.47318595e-01
 -1.95044008e+00 -1.48041879e+00
 4.33465547e-01 -9.90452925e-01
 2.59591987e+00 2.89428227e-01
 -1.70456004e+00 -3.41148908e-01
 3.55221382e-01 -6.99071124e-01
 -2.22765733e-01 1.02481625e+00
 -1.88357688e-01 -4.14743133e-01
 3.30243350e-01 -1.56967611e+00
 1.48128238e+00 2.07428117e+00
 -3.54916857e-01 8.59875665e-02
 -5.69752163e-01 -1.71673463e-01
 -9.82980878e-01 -4.60017897e-01
 -2.58043202e-01 1.12142816e+00
 1.02199544e+00 -1.80336528e+00
 -1.23453634e+00 -8.28275697e-01
 5.56198040e-01 9.14902762e-01
 1.19533048e+00 -9.45363300e-01
 -1.41795086e+00 -1.49941361e+00
 -6.66973671e-01 4.58084550e-01
 1.30471549e+00 9.12730259e-01
 -8.85045175e-01 -5.86324320e-01
 2.04177535e-01 -6.76858633e-01
 5.33091357e-01 9.76214610e-01
 -3.92780549e-01 3.26204479e-01
 -2.85921627e-01 -7.56913412e-01
 -5.79223994e-01 2.25020147e+00
 -8.91756852e-01 -1.72058747e+00
 1.95902328e-01 1.47617300e+00
 1.52283793e+00 -1.59257782e+00
 -3.55522547e-01 2.47556934e-01
 1.33393447e+00 2.57818715e+00
 -2.07535351e+00 -1.88956834e-01
 4.78689786e-01 -1.41856551e+00
 3.14372539e-01 1.32266301e+00
 -4.75935027e-01 -3.11758547e-02
 8.96567249e-01 2.96920985e-01
 1.69999813e+00 1.40148219e+00
 -8.54746788e-01 6.51943781e-01
 1.06924248e+00 7.55373373e-01
 1.30520112e-01 -9.93259731e-01
 -7.46497805e-01 -9.72611518e-02
 1.62293519e+00 -6.86705038e-01
 -2.06761564e+00 1.40017654e+00
 5.90257755e-01 5.08714222e-01
 -1.75165457e+00 1.56648145e+00
 -5.76348992e-01 3.20675989e-01
 9.14580581e-01 7.37399519e-01
 1.95967655e-01 -1.13143350e+00
 8.16057138e-02 9.44210333e-01
 -9.34450526e-01 1.29326925e+00
 -2.32149891e-01 -1.81402078e-01
 -3.55797242e-01 1.50051636e+00
 -1.41972832e+00 -5.26805386e-01
 1.80659955e-01 -2.81152479e-02
 2.49592255e-01 -2.85784391e-01
 -3.35076626e-01 4.18292071e-01
 -8.27111172e-01 -4.43076742e-01
 -1.16410001e+00 -1.93135860e-01
 -4.92617924e-01 -4.34790201e-01
 1.95649240e+00 -4.64082595e-02
 3.08204586e-01 8.42435010e-01
 1.65987778e-01 -4.03545850e-01
 -4.72157258e-02 4.11321410e-01
 1.53809464e-01 -1.86760924e-02
 -8.71884401e-01 -2.01573943e-01
 1.48259338e-01 1.20215509e+00
 3.36302913e-01 -3.81645641e-01
 6.77099951e-01 -3.92821997e-01
 -6.63914364e-01 8.68182860e-02
 -6.87327159e-05 -6.61472162e-01
 9.18185309e-02 -1.07784488e-02
 9.34820800e-01 -7.43069046e-01
 -7.52760021e-03 5.87857606e-01
 -1.32105014e-01 -8.20805390e-01
 -1.61282099e+00 -5.54224529e-01
 -4.37839421e-01 -1.49608846e+00
 -1.90707104e-01 3.64470018e-01
 7.81130533e-01 -4.74318153e-01
 -3.60874649e-01 -8.02830287e-01
 -2.54046293e-01 9.52063976e-01
 5.41425986e-02 2.89012145e-01
 -2.06623636e-02 -4.10412293e-02
 -1.31358585e-01 -1.42331171e+00
 -6.88288768e-01 -1.00222738e-02
 -3.39290766e-01 -6.15979343e-01
 3.21631087e-01 1.20234472e+00
 -9.11419773e-01 -6.60158492e-01
 7.51227296e-01 -2.14480478e-01
 -6.82066738e-02 -1.51845717e+00
 -3.91256111e-01 -1.89335882e+00
 2.78562246e+00 1.00188316e+00
 -3.60323183e-01 -7.37722786e-01
 -3.11372130e-01 1.31854797e-01
 1.13941100e-01 9.73415031e-01
 -1.46074166e-01 1.04998074e+00
 -1.64126461e-01 -2.33627868e+00
 1.53583463e+00 1.12332255e+00
 4.44727991e-01 3.93217968e-01
 -7.17250650e-01 -5.72578615e-01
 -9.39993883e-01 9.71399963e-01
 -7.55685095e-01 6.48816945e-01
 -1.28336264e-01 1.92304085e+00
 -1.18220883e-02 1.35172111e+00
 -1.07038001e-01 1.03621134e+00
 -2.06359149e+00 9.26967378e-01
 1.48607931e+00 6.04872606e-01
 8.56868434e-01 -3.92181028e-01
 8.68622730e-02 8.34250641e-02
 -1.69580270e+00 1.57932916e+00
 2.39353907e+00 1.12821924e+00
 -3.42439143e+00 2.71844369e-01
 6.71659098e-01 -1.78374999e+00
 6.46718420e-01 1.79452428e+00
 2.87501234e-01 1.32115455e+00
 -6.87354354e-02 1.43615178e+00
 2.01468642e-03 -1.14808293e-01
 7.46788632e-01 -5.91805864e-01
 9.68726451e-01 1.60159255e+00
 1.36150656e+00 -7.32085318e-01
 3.45212349e-02 -3.87397294e-01
 -8.19610848e-01 3.31663970e-01
 2.04105935e-01 -4.16618517e-01
 2.53379081e-01 -4.96539609e-01
 9.93920558e-02 -2.18189377e-01
 1.61471266e-01 1.55625428e+00
 -1.38642095e+00 1.89603777e-01
 -2.49919270e-01 -5.44581033e-01
 -6.23030112e-01 2.19150289e+00
 1.53721864e+00 -2.12149297e-01
 -8.68735402e-01 1.10961419e+00
 2.26321086e-01 5.36743991e-01
 -2.66265900e-01 3.19086672e-01
 -2.07223984e+00 -9.49058467e-01
 9.10802992e-01 9.12778263e-01
 9.16954380e-01 -1.39871523e+00
 -1.19192347e+00 -1.88153753e-02
 -1.15661236e+00 -8.51920270e-01
 2.61926666e+00 7.33573607e-01
 -1.72586796e+00 -5.46485739e-01
 -1.15838037e+00 -1.31192873e+00
 -2.45600534e-01 2.40376315e+00
 6.85780634e-01 7.64565846e-01
 -1.77385601e+00 1.88339612e+00
 -1.59370264e+00 9.48954939e-01
 -4.98017761e-01 1.29279550e-01
 -7.03823053e-01 8.78122834e-01
 -1.15894482e+00 4.36369369e-01
 3.46941948e-01 -8.64314676e-01
 -6.28684128e-01 1.05922735e+00
 2.03152461e+00 -5.18647761e-01
 -1.55856380e+00 2.24257355e-01
 -3.32888795e-01 2.71822538e-01
 -1.28895668e-01 9.77990511e-02
 1.73134208e-01 -1.61716619e+00
 -1.38005051e+00 2.14216476e+00
 4.92726880e-01 1.07721080e+00
 2.54989818e-01 -1.77711827e-01
 -4.38104281e-01 -1.47081134e+00
 -9.13259003e-01 8.05729343e-01
 1.12209048e-01 -2.38041811e+00
 -4.06525330e-01 -1.01572513e+00
 -7.97823774e-01 -1.18078413e+00
 8.30998367e-01 4.64909159e-02
 -5.16174425e-01 -1.14730487e+00
 -5.93761808e-01 -1.27031950e+00
 2.55577716e-01 2.22588173e+00
 -2.00709790e+00 -1.00810144e+00
 1.60935687e+00 3.31797571e-01
 1.39888530e-01 1.03440725e-01
 1.43553503e-01 9.37485727e-01
 -3.82531365e-01 -5.94071797e-02
 2.58481701e-01 7.52078526e-01
 -1.56691924e-01 -6.68556383e-01
 -6.16834937e-01 -2.44468332e-01
 1.27581781e+00 -7.59599439e-01
 2.28958598e-01 -4.35794019e-02
 1.22119493e+00 -9.07668193e-01
 1.91826928e-01 -1.14434460e+00
 1.89191178e+00 -1.51963356e-02
 -2.06848669e+00 -5.70599975e-01
 2.18975288e+00 -1.34229767e+00
 1.44099022e-01 4.81952449e-01
 2.46940418e-02 6.06994546e-01
 -1.53169362e-01 3.27803977e-01
 7.22967602e-01 1.02756005e+00
 -1.61967322e+00 1.06426017e+00
 6.84067765e-01 3.21943778e-01
 1.42865141e+00 8.49990651e-01
 2.69487315e-01 -5.36078280e-01
 -2.06385606e-01 1.65955753e+00
 1.70158092e+00 6.14911467e-01
 6.85843572e-01 9.62740795e-01
 -2.23228021e-01 -1.88958793e-01
 2.36448024e-01 -1.13937582e+00
 1.38905493e+00 1.47502288e+00
 8.41492879e-02 8.90256442e-01
 3.49554498e-01 2.18325183e+00
 -1.04216582e+00 -8.97028287e-01
 -3.82553812e-02 -4.22954181e-01
 1.57772242e+00 -3.30688837e-01
 -1.44497276e+00 -6.28235639e-01
 9.56524581e-01 -6.11586032e-01
 -2.03300030e+00 -8.32835806e-01
 -2.43675492e-01 -1.09927110e-01
 2.38009306e-01 9.77220244e-01
 -2.66496479e-01 -1.39521687e+00
 -2.44198864e-01 -9.72659422e-01
 -1.05559238e+00 4.76680053e-01
 8.40769005e-01 8.82599284e-01
 -2.57147584e-01 -9.45253419e-01
 1.61034535e+00 -1.41581265e+00
 -2.26440739e+00 -4.48762814e-01
 1.18943204e-01 -3.64670099e-02
 -1.63457530e+00 -4.11003098e-01
 -1.41967848e+00 1.31313029e+00
 -1.39192686e+00 6.70966085e-01
 8.42858212e-01 9.49271505e-01
 -6.18510757e-01 -1.26715817e+00
 6.93690842e-01 2.49192711e-01
 -4.55225671e-01 2.71045131e-01
 3.29507924e-01 -7.70092122e-01
 -3.69741703e-01 -3.48384539e-01
 -7.12390726e-01 1.45591928e+00
 2.81499393e-01 -9.04948183e-01
 -5.08008373e-01 -4.58041308e-01
 -1.12829915e-01 -8.95723594e-01
 5.69837627e-01 -1.58931456e-01
 -7.50553387e-01 -4.09869042e-01
 7.83125158e-01 -7.34572352e-02
 -1.05325793e+00 -1.34557758e-01
 1.48839915e-01 -9.53223909e-01
 -1.46761119e-01 1.82940115e+00
 8.34660591e-01 2.67392763e-01
 -5.97505522e-01 -1.55863963e+00
 5.71205147e-01 -4.22987496e-01
 9.11470303e-01 1.21734494e+00
 -8.26489572e-01 -2.84662633e-01
 1.05855368e+00 4.28826413e-01
 -1.98182041e-01 8.45456273e-01
 -6.29809396e-02 -1.50311066e+00
 2.38387168e-01 -1.53778862e+00
 -4.94449502e-01 -3.27687625e-01
 1.37622451e-01 2.06915677e+00
 1.04810665e+00 4.03869663e-01
 -8.64972423e-01 -1.55447539e+00
 -9.75332709e-01 2.09087583e-01
 3.41837746e-01 8.20403409e-01
 -1.66552826e+00 -9.43784025e-01
 7.51797325e-01 -1.02937346e+00
 8.22209833e-01 3.64909084e-01
 -1.37114100e+00 -2.94632672e-01
 2.06835078e+00 -6.51433180e-01
 -4.73445215e-01 1.66805119e+00
 -3.52761067e-01 5.62879077e-01
 4.45332363e-01 1.06628088e+00
 -2.80328042e-01 -1.43526994e+00
 2.23482073e-01 9.22136081e-01
 2.58987447e-01 6.09365533e-01
 7.88477784e-01 -2.85021755e-01
 3.48638884e-01 -1.34394198e+00
 1.01044669e+00 -5.40567603e-01
 3.98331994e-01 1.44916700e-01
 -5.37560834e-01 -4.97591931e-01
 -1.10038621e+00 -5.53046555e-02
 8.75743940e-02 1.94396222e+00
 4.87717268e-01 -1.28739114e+00
 -7.37438865e-02 -2.69830467e-01
 -5.88886656e-01 -4.16380038e-01
 -1.39780564e-01 -1.82920505e-01
 -1.43767271e+00 -6.65264836e-02
 5.61944982e-01 -1.05574351e+00
 2.65072778e-01 6.14421536e-02
 7.15617027e-01 -3.97589196e-01
 1.97423921e-01 -1.12026272e+00
 5.16756594e-01 -7.17939415e-01
 -5.49009004e-01 -9.42253114e-02
 -3.33304845e-01 1.38480846e+00
 -1.35530401e+00 -2.13071209e+00
 3.85416940e-01 -8.48468677e-01
 4.87783982e-05 5.99586616e-01
 -4.01667614e-01 -7.78972613e-02
 -3.75386603e-01 -4.94824582e-01
 -8.24087512e-01 5.21857154e-01
 -5.56950018e-01 4.75506488e-01
 -6.92928683e-01 2.29067264e-01
 1.68326097e+00 -1.07395063e+00
 -1.33637963e+00 6.22553718e-01
 2.72485478e-01 -1.22868015e+00
 8.45388759e-01 -2.15696191e-01
 -3.20614669e-01 -2.26619670e+00
 -8.52768146e-01 -1.37324281e+00
 -2.28695969e-01 1.58670408e-01
 -3.06062348e-01 -6.37326197e-01
 -7.08001605e-02 -1.44731971e+00
 -2.11219630e+00 1.55208521e+00
 8.46045248e-01 8.73547305e-01
 5.71289068e-02 -6.56399450e-01
 -2.37855953e-01 -8.70127290e-01
 1.62152660e+00 -1.20108206e+00
 -8.32496767e-01 7.79562214e-01
 1.54018788e+00 8.71348298e-01
 -2.09431588e+00 -8.36543199e-01
 -8.34970918e-01 3.21559869e-01
 2.23009152e+00 -4.92699324e-01
 -2.62018176e-01 -2.03923697e+00
 -9.29928527e-01 -1.40577119e+00
 6.90405935e-01 -8.84739391e-01
 -8.76551307e-01 -2.42354632e+00
 -1.52042630e+00 -9.72028694e-01
 1.41553177e+00 -5.91804577e-01
 -1.34346244e+00 -4.58142914e-01
 -2.78268387e-01 -1.14861074e-01
 6.15952223e-01 -2.85360968e+00
 9.53022056e-01 1.23230077e-01
 -4.24569755e-01 -5.51777035e-01
 -1.72296142e+00 8.58713514e-01
 1.39055467e+00 -6.59797619e-01
 -1.68957271e+00 -1.66469462e+00
 -4.31965096e-01 6.58495311e-01
 1.29255012e+00 -2.05149696e+00
 3.82009949e-01 -4.38398382e-01
 3.77643797e-01 -1.85530487e+00
 2.90254141e+00 8.07752554e-02
 -1.04668618e+00 -2.13781523e+00
 -2.74414435e-02 7.33262771e-01
 -3.14181646e-01 3.11714420e-01
 -8.45525732e-01 -3.80031805e-01
 7.66866403e-01 -6.31367622e-01
